15 6 2 19 5 17 16 17 7 9 15 10 2 20 17 4 14 3 12 17
7 2 6 11 1 5 2 10 12 5 3 14 9 5 20 19 10 4 5 15
20 4 20 1 20 2 20 12 20 3 7 20 16 6 14 20 5 17 13 20
15 12 5 15 4 11 6 15 8 17 15 19 11 15 7 14 16 15 10 18
12 1 10 18 1 4 9 6 3 15 16 1 1 8 7 17 7 2 7 14
19 8 19 14 9 19 4 19 20 19 15 7 18 12 3 14 6 14 1 12
16 10 18 4 10 1 10 14 10 8 19 10 15 12 10 3 10 6 10 2
11 10 12 5 14 17 20 7 2 18 1 4 19 13 17 8 15 5 3 1
10 3 2 9 8 17 11 19 7 20 18 12 1 4 1 15 7 10 15 16
2 14 20 12 20 6 14 15 19 16 1 14 13 7 14 10 8 14 5 20
15 16 14 15 17 13 18 15 10 13 20 13 3 13 6 15 1 12 15 19
18 2 7 3 12 15 12 13 1 10 2 11 2 14 19 20 4 2 17 6
20 19 9 6 3 8 2 5 9 14 2 13 20 17 10 18 9 15 11 17
4 1 9 8 15 19 17 3 14 3 12 3 7 18 13 2 9 11 18 5
6 9 15 9 2 9 5 18 9 12 9 17 9 3 4 9 19 20 16 9
10 9 11 5 11 12 10 3 16 11 17 10 6 18 11 13 2 10 4 11
17 20 16 7 19 20 14 11 20 4 13 6 12 7 15 9 20 8 12 10
9 7 16 10 18 16 19 17 13 16 4 16 14 15 11 17 12 16 6 20
10 15 4 20 10 16 10 8 10 7 10 18 10 9 2 6 10 19 10 3
14 5 13 17 6 18 8 5 15 1 11 13 4 19 19 12 10 1 20 13
